20 100
20 240
40 260
40 280
60 260
60 280
60 300
80 160
80 180
80 260
80 280
80 300
100 160
100 180
100 260
100 280
100 300
100 320
120 260
120 280
120 300
120 320
140 260
140 280
140 300
140 320
140 340
160 240
160 260
160 280
160 300
160 320
160 340
180 160
180 180
180 200
180 220
180 240
180 260
180 280
180 300
180 320
180 340
200 120
200 140
200 160
200 180
200 200
200 220
200 240
200 260
200 280
200 300
200 320
200 340
220 100
220 120
220 140
220 160
220 180
220 200
220 220
220 240
220 260
220 280
220 300
220 320
220 340
240 100
240 120
240 140
240 160
240 200
240 220
240 240
240 260
240 280
240 300
240 320
260 100
260 120
260 140
260 200
260 220
260 240
260 260
260 280
260 300
260 320
280 100
280 120
280 140
280 160
280 200
280 220
280 240
280 260
280 280
280 300
300 100
300 120
300 140
300 160
300 180
300 200
300 220
300 240
300 260
300 280
320 120
320 140
320 160
320 180
320 200
320 220
320 240
320 260
340 160
340 180
340 200
340 220
